[[6 -16 1]
 [22 -15 1]
 [53 -34 0]
 [1 13 0]
 [-34 17 0]
 [10 13 0]
 [-9 -9 0]
 [-7 -18 0]
 [-1 -8 0]
 [-11 23 0]
 [-35 40 0]
 [28 -19 0]
 [33 -1 0]
 [-33 4 0]
 [5 7 0]
 [6 -4 0]
 [-25 36 0]
 [-56 43 0]
 [35 -34 0]
 [41 -3 0]
 [-16 5 0]
 [0 2 0]
 [2 -15 0]
 [-20 27 0]
 [-59 42 0]
 [45 -37 0]
 [48 0 0]
 [-8 4 0]
 [8 4 0]
 [2 -22 0]
 [-15 13 0]
 [-59 42 0]
 [43 -39 0]
 [47 -5 0]
 [-10 -1 0]
 [6 12 0]
 [-21 -24 1]
 [-46 34 0]
 [-63 43 0]
 [39 -40 0]
 [33 -1 0]
 [-9 7 0]
 [2 15 0]
 [-17 -21 1]
 [-42 36 0]
 [-63 43 0]
 [35 -40 0]
 [19 -4 0]
 [-18 5 0]
 [2 22 0]
 [-8 -18 1]
 [-48 40 0]
 [-62 43 0]
 [36 -39 0]
 [13 -3 0]
 [-10 9 0]
 [-4 20 0]
 [-12 -22 1]
 [-45 38 0]
 [-62 43 0]
 [32 -39 0]
 [9 -2 0]
 [-6 8 0]
 [-3 18 0]
 [-16 -25 1]
 [-50 39 0]
 [-62 43 0]
 [32 -39 0]
 [6 -1 0]
 [-2 4 0]
 [1 16 0]
 [-11 -30 1]
 [-46 38 0]
 [-59 43 0]
 [37 -39 0]
 [12 18 0]
 [11 21 0]
 [-2 20 0]
 [-7 -15 1]
 [-52 42 0]
 [-56 43 0]
 [32 -21 0]
 [2 15 0]
 [4 4 0]
 [2 5 0]
 [2 -10 1]
 [-51 42 0]
 [-51 43 0]
 [27 -15 0]
 [-1 14 0]
 [3 2 0]
 [1 2 0]
 [3 -9 1]
 [-50 42 0]
 [-51 43 0]
 [27 -13 0]
 [0 11 0]
 [3 4 0]
 [3 2 0]
 [1 -7 1]
 [-49 42 0]
 [-51 43 0]
 [28 -13 0]
 [0 11 0]
 [1 3 0]
 [1 4 0]
 [3 -11 1]
 [-50 42 0]
 [-51 43 0]
 [27 -13 0]
 [-1 12 0]
 [2 2 0]
 [1 3 0]
 [2 -11 1]
 [-49 42 0]
 [-52 43 0]
 [28 -14 0]
 [0 11 0]
 [3 2 0]
 [1 2 0]
 [2 -9 1]
 [-48 42 0]
 [-51 43 0]
 [28 -13 0]
 [0 11 0]
 [0 2 0]
 [-1 3 0]
 [3 -13 1]
 [-48 42 0]
 [-52 43 0]
 [27 -14 0]
 [1 12 0]
 [2 4 0]
 [-1 4 0]
 [2 -10 1]
 [-48 42 0]
 [-52 43 0]
 [27 -14 0]
 [1 12 0]
 [1 3 0]
 [0 3 0]]
