[[-3 -7 1]
 [-30 -13 1]
 [43 -41 0]
 [13 -34 0]
 [-43 38 0]
 [-14 18 0]
 [-10 20 0]
 [-19 20 0]
 [-26 27 0]
 [-3 -35 0]
 [-9 -12 0]
 [-8 -6 0]
 [-4 10 0]
 [-34 35 0]
 [-23 20 0]
 [-9 30 0]
 [-2 -1 0]
 [-3 0 0]
 [16 7 0]
 [29 6 0]
 [-5 28 0]
 [1 19 0]
 [7 25 0]
 [18 2 0]
 [-17 9 0]
 [12 15 0]
 [16 12 0]
 [3 27 0]
 [-3 10 0]
 [13 15 0]
 [36 -17 0]
 [6 -10 0]
 [6 6 0]
 [13 5 0]
 [5 10 0]
 [-6 9 0]
 [9 8 0]
 [20 -5 0]
 [12 -6 0]
 [4 4 0]
 [12 4 0]
 [7 8 0]
 [-5 7 0]
 [8 5 0]
 [14 -8 0]
 [12 -6 0]
 [1 3 0]
 [8 5 0]
 [6 4 0]
 [-4 7 0]
 [9 8 0]
 [11 -8 0]
 [13 -6 0]
 [1 -1 0]
 [4 2 0]
 [6 0 0]
 [-1 7 0]
 [10 -3 0]
 [5 -7 0]
 [5 -18 0]
 [-10 -5 1]
 [-17 10 0]
 [-6 7 0]
 [-20 19 0]
 [-12 -18 1]
 [-21 -6 0]
 [-16 -8 0]
 [-25 -25 1]
 [-31 7 0]
 [-21 16 0]
 [-16 28 0]
 [-13 8 1]
 [0 13 0]
 [-1 -8 0]
 [-30 -26 1]
 [-16 4 0]
 [-20 20 0]
 [-15 24 0]
 [-8 10 1]
 [7 1 0]
 [-2 -7 0]
 [-29 -25 1]
 [-19 3 0]
 [-19 19 0]
 [-11 26 0]
 [-5 13 1]
 [12 3 0]
 [4 -6 0]
 [-27 -24 1]
 [-20 3 0]
 [-18 20 0]
 [-8 27 0]
 [-2 15 1]
 [12 6 0]
 [6 -5 0]
 [-27 -24 1]
 [-19 3 0]
 [-20 20 0]
 [-10 27 0]
 [-5 15 1]
 [10 6 0]
 [6 -6 0]
 [-27 -24 1]
 [-19 4 0]
 [-21 20 0]
 [-11 26 0]
 [-6 13 1]
 [10 4 0]
 [5 -6 0]
 [-26 -24 1]
 [-20 4 0]
 [-19 20 0]
 [-7 27 0]
 [-5 14 1]
 [9 5 0]
 [6 -7 0]
 [-27 -24 1]
 [-19 2 0]
 [-19 20 0]
 [-12 25 0]
 [-6 12 1]
 [8 4 0]
 [6 -7 0]
 [-22 -25 1]
 [3 0 0]
 [6 15 0]
 [-2 16 0]
 [-11 1 1]
 [0 -7 0]
 [10 -12 0]
 [0 -27 1]
 [17 -8 0]
 [11 -1 0]
 [7 -4 0]
 [-6 -19 1]
 [-1 -21 0]
 [14 -22 0]
 [5 -30 1]
 [15 -13 0]
 [7 -8 0]
 [6 -5 0]]
